01010100
11111010
00111010
00011000
11101101
00001111
00100101
01000100
11111011
00011110
11101011
10010101
00010110
11100110
11100010
00011101
11001010
11001101
11011001
00010011
00010111
00011011
01011011
11011100
00000000
00111011
11101101
01001000
00110000
11101101
11100000
11010000
11101111
11001100
00011110
00000011
10100011
00001000
11001101
11100010
01001100
00011111
00100010
00001000
00010011
11111111
00001101
01101000
11110100
00000000
00001100
10011000
11110011
00000001
11101101
11111000
11011110
11100001
10110100
00011110
00110011
11111000
01011101
11111101
11100010
00110100
00010001
00110000
00100000
00010011
11010000
10111000
00010011
11000101
00000000
00100100
10100101
11100101
11101001
11101101
00100111
00110011
00110110
11100011
00011110
00011010
11101010
01101011
00010101
11100010
00000101
10111100
11011011
11110001
00010011
11101000
11000110
00000110
10101100
00000000
01010100
11111010
00111010
00011000
11101101
00001111
00100101
01000100
11111011
00011110
11101011
10010101
00010110
11100110
11100010
00011101
11001010
11001101
11011001
00010011
00010111
00011011
01011011
11011100
00000000
00111011
11101101
01001000
00110000
11101101
11100000
11010000
11101111
11001100
00011110
00000011
10100011
00001000
11001101
11100010
01001100
00011111
00100010
00001000
00010011
11111111
00001101
01101000
11110100
00000000
00001100
10011000
11110011
00000001
11101101
11111000
11011110
11100001
10110100
00011110
00110011
11111000
01011101
11111101
11100010
00110100
00010001
00110000
00100000
00010011
11010000
10111000
00010011
11000101
00000000
00100100
10100101
11100101
11101001
11101101
00100111
00110011
00110110
11100011
00011110
00011010
11101010
01101011
00010101
11100010
00000101
10111100
11011011
11110001
00010011
11101000
11000110
00000110
10101100
00000000
01010100
11111010
00111010
00011000
11101101
00001111
00100101
01000100
11111011
00011110
11101011
10010101
00010110
11100110
11100010
00011101
11001010
11001101
11011001
00010011
00010111
00011011
01011011
11011100
00000000
00111011
11101101
01001000
00110000
11101101
11100000
11010000
11101111
11001100
00011110
00000011
10100011
00001000
11001101
11100010
01001100
00011111
00100010
00001000
00010011
11111111
00001101
01101000
11110100
00000000
00001100
10011000
11110011
00000001
11101101
11111000
11011110
11100001
10110100
00011110
00110011
11111000
01011101
11111101
11100010
00110100
00010001
00110000
00100000
00010011
11010000
10111000
00010011
11000101
00000000
00100100
10100101
11100101
11101001
11101101
00100111
00110011
00110110
11100011
00011110
00011010
11101010
01101011
00010101
11100010
00000101
10111100
11011011
11110001
00010011
11101000
11000110
00000110
10101100
00000000
01010100
11111010
00111010
00011000
11101101
00001111
00100101
01000100
11111011
00011110
11101011
10010101
00010110
11100110
11100010
00011101
11001010
11001101
11011001
00010011
00010111
00011011
01011011
11011100
00000000
00111011
11101101
01001000
00110000
11101101
11100000
11010000
11101111
11001100
00011110
00000011
10100011
00001000
11001101
11100010
01001100
00011111
00100010
00001000
00010011
11111111
00001101
01101000
11110100
00000000
00001100
10011000
11110011
00000001
11101101
11111000
11011110
11100001
10110100
00011110
00110011
11111000
01011101
11111101
11100010
00110100
00010001
00110000
00100000
00010011
11010000
10111000
00010011
11000101
00000000
00100100
10100101
11100101
11101001
11101101
00100111
00110011
00110110
11100011
00011110
00011010
11101010
01101011
00010101
11100010
00000101
10111100
11011011
11110001
00010011
11101000
11000110
00000110
10101100
00000000
01010100
11111010
00111010
00011000
11101101
00001111
00100101
01000100
11111011
00011110
11101011
10010101
00010110
11100110
11100010
00011101
11001010
11001101
11011001
00010011
00010111
00011011
01011011
11011100
00000000
00111011
11101101
01001000
00110000
11101101
11100000
11010000
11101111
11001100
00011110
00000011
10100011
00001000
11001101
11100010
01001100
00011111
00100010
00001000
00010011
11111111
00001101
01101000
11110100
00000000
00001100
10011000
11110011
00000001
11101101
11111000
11011110
11100001
10110100
00011110
00110011
11111000
01011101
11111101
11100010
00110100
00010001
00110000
00100000
00010011
11010000
10111000
00010011
11000101
00000000
00100100
10100101
11100101
11101001
11101101
00100111
00110011
00110110
11100011
00011110
00011010
11101010
01101011
00010101
11100010
00000101
10111100
11011011
11110001
00010011
11101000
11000110
00000110
10101100
00000000
01010100
11111010
00111010
00011000
11101101
00001111
00100101
01000100
11111011
00011110
11101011
10010101
00010110
11100110
11100010
00011101
11001010
11001101
11011001
00010011
00010111
00011011
01011011
11011100
00000000
00111011
11101101
01001000
00110000
11101101
11100000
11010000
11101111
11001100
00011110
00000011
10100011
00001000
11001101
11100010
01001100
00011111
00100010
00001000
00010011
11111111
00001101
01101000
11110100
00000000
00001100
10011000
11110011
00000001
11101101
11111000
11011110
11100001
10110100
00011110
00110011
11111000
01011101
11111101
11100010
00110100
00010001
00110000
00100000
00010011
11010000
10111000
00010011
11000101
00000000
00100100
10100101
11100101
11101001
11101101
00100111
00110011
00110110
11100011
00011110
00011010
11101010
01101011
00010101
11100010
00000101
10111100
11011011
11110001
00010011
11101000
11000110
00000110
10101100
00000000
01010100
11111010
00111010
00011000
11101101
00001111
00100101
01000100
11111011
00011110
11101011
10010101
00010110
11100110
11100010
00011101
11001010
11001101
11011001
00010011
00010111
00011011
01011011
11011100
00000000
00111011
11101101
01001000
00110000
11101101
11100000
11010000
11101111
11001100
00011110
00000011
10100011
00001000
11001101
11100010
01001100
00011111
00100010
00001000
00010011
11111111
00001101
01101000
11110100
00000000
00001100
10011000
11110011
00000001
11101101
11111000
11011110
11100001
10110100
00011110
00110011
11111000
01011101
11111101
11100010
00110100
00010001
00110000
00100000
00010011
11010000
10111000
00010011
11000101
00000000
00100100
10100101
11100101
11101001
11101101
00100111
00110011
00110110
11100011
00011110
00011010
11101010
01101011
00010101
11100010
00000101
10111100
11011011
11110001
00010011
11101000
11000110
00000110
10101100
00000000
01010100
11111010
00111010
00011000
11101101
00001111
00100101
01000100
11111011
00011110
11101011
10010101
00010110
11100110
11100010
00011101
11001010
11001101
11011001
00010011
00010111
00011011
01011011
11011100
00000000
00111011
11101101
01001000
00110000
11101101
11100000
11010000
11101111
11001100
00011110
00000011
10100011
00001000
11001101
11100010
01001100
00011111
00100010
00001000
00010011
11111111
00001101
01101000
11110100
00000000
00001100
10011000
11110011
00000001
11101101
11111000
11011110
11100001
10110100
00011110
00110011
11111000
01011101
11111101
11100010
00110100
00010001
00110000
00100000
00010011
11010000
10111000
00010011
11000101
00000000
00100100
10100101
11100101
11101001
11101101
00100111
00110011
00110110
11100011
00011110
00011010
11101010
01101011
00010101
11100010
00000101
10111100
11011011
11110001
00010011
11101000
11000110
00000110
10101100
00000000
01010100
11111010
00111010
00011000
11101101
00001111
00100101
01000100
11111011
00011110
11101011
10010101
00010110
11100110
11100010
00011101
11001010
11001101
11011001
00010011
00010111
00011011
01011011
11011100
00000000
00111011
11101101
01001000
00110000
11101101
11100000
11010000
11101111
11001100
00011110
00000011
10100011
00001000
11001101
11100010
01001100
00011111
00100010
00001000
00010011
11111111
00001101
01101000
11110100
00000000
00001100
10011000
11110011
00000001
11101101
11111000
11011110
11100001
10110100
00011110
00110011
11111000
01011101
11111101
11100010
00110100
00010001
00110000
00100000
00010011
11010000
10111000
00010011
11000101
00000000
00100100
10100101
11100101
11101001
11101101
00100111
00110011
00110110
11100011
00011110
00011010
11101010
01101011
00010101
11100010
00000101
10111100
11011011
11110001
00010011
11101000
11000110
00000110
10101100
00000000
01010100
11111010
00111010
00011000
11101101
00001111
00100101
01000100
11111011
00011110
11101011
10010101
00010110
11100110
11100010
00011101
11001010
11001101
11011001
00010011
00010111
00011011
01011011
11011100
00000000
00111011
11101101
01001000
00110000
11101101
11100000
11010000
11101111
11001100
00011110
00000011
10100011
00001000
11001101
11100010
01001100
00011111
00100010
00001000
00010011
11111111
00001101
01101000
11110100
00000000
00001100
10011000
11110011
00000001
11101101
11111000
11011110
11100001
10110100
00011110
00110011
11111000
01011101
11111101
11100010
00110100
00010001
00110000
00100000
00010011
11010000
10111000
00010011
11000101
00000000
00100100
10100101
11100101
11101001
11101101
00100111
00110011
00110110
11100011
00011110
00011010
11101010
01101011
00010101
11100010
00000101
10111100
11011011
11110001
00010011
11101000
11000110
00000110
10101100
00000000
01010100
11111010
00111010
00011000
11101101
00001111
00100101
01000100
11111011
00011110
11101011
10010101
00010110
11100110
11100010
00011101
11001010
11001101
11011001
00010011
00010111
00011011
01011011
11011100
00000000
00111011
11101101
01001000
00110000
11101101
11100000
11010000
11101111
11001100
00011110
00000011
10100011
00001000
11001101
11100010
01001100
00011111
00100010
00001000
00010011
11111111
00001101
01101000
11110100
00000000
00001100
10011000
11110011
00000001
11101101
11111000
11011110
11100001
10110100
00011110
00110011
11111000
01011101
11111101
11100010
00110100
00010001
00110000
00100000
00010011
11010000
10111000
00010011
11000101
00000000
00100100
10100101
11100101
11101001
11101101
00100111
00110011
00110110
11100011
00011110
00011010
11101010
01101011
00010101
11100010
00000101
10111100
11011011
11110001
00010011
11101000
11000110
00000110
10101100
00000000
01010100
11111010
00111010
00011000
11101101
00001111
00100101
01000100
11111011
00011110
11101011
10010101
00010110
11100110
11100010
00011101
11001010
11001101
11011001
00010011
00010111
00011011
01011011
11011100
00000000
00111011
11101101
01001000
00110000
11101101
11100000
11010000
11101111
11001100
00011110
00000011
10100011
00001000
11001101
11100010
01001100
00011111
00100010
00001000
00010011
11111111
00001101
01101000
11110100
00000000
00001100
10011000
11110011
00000001
11101101
11111000
11011110
11100001
10110100
00011110
00110011
11111000
01011101
11111101
11100010
00110100
00010001
00110000
00100000
00010011
11010000
10111000
00010011
11000101
00000000
00100100
10100101
11100101
11101001
11101101
00100111
00110011
00110110
11100011
00011110
00011010
11101010
01101011
00010101
11100010
00000101
10111100
11011011
11110001
00010011
11101000
11000110
00000110
10101100
00000000
01010100
11111010
00111010
00011000
11101101
00001111
00100101
01000100
11111011
00011110
11101011
10010101
00010110
11100110
11100010
00011101
11001010
11001101
11011001
00010011
00010111
00011011
01011011
11011100
00000000
00111011
11101101
01001000
00110000
11101101
11100000
11010000
11101111
11001100
00011110
00000011
10100011
00001000
11001101
11100010
01001100
00011111
00100010
00001000
00010011
11111111
00001101
01101000
11110100
00000000
00001100
10011000
11110011
00000001
11101101
11111000
11011110
11100001
10110100
00011110
00110011
11111000
01011101
11111101
11100010
00110100
00010001
00110000
00100000
00010011
11010000
10111000
00010011
11000101
00000000
00100100
10100101
11100101
11101001
11101101
00100111
00110011
00110110
11100011
00011110
00011010
11101010
01101011
00010101
11100010
00000101
10111100
11011011
11110001
00010011
11101000
11000110
00000110
10101100
00000000
01010100
11111010
00111010
00011000
11101101
00001111
00100101
01000100
11111011
00011110
11101011
10010101
00010110
11100110
11100010
00011101
11001010
11001101
11011001
00010011
00010111
00011011
01011011
11011100
00000000
00111011
11101101
01001000
00110000
11101101
11100000
11010000
11101111
11001100
00011110
00000011
10100011
00001000
11001101
11100010
01001100
00011111
00100010
00001000
00010011
11111111
00001101
01101000
11110100
00000000
00001100
10011000
11110011
00000001
11101101
11111000
11011110
11100001
10110100
00011110
00110011
11111000
01011101
11111101
11100010
00110100
00010001
00110000
00100000
00010011
11010000
10111000
00010011
11000101
00000000
00100100
10100101
11100101
11101001
11101101
00100111
00110011
00110110
11100011
00011110
00011010
11101010
01101011
00010101
11100010
00000101
10111100
11011011
11110001
00010011
11101000
11000110
00000110
10101100
00000000
01010100
11111010
00111010
00011000
11101101
00001111
00100101
01000100
11111011
00011110
11101011
10010101
00010110
11100110
11100010
00011101
11001010
11001101
11011001
00010011
00010111
00011011
01011011
11011100
00000000
00111011
11101101
01001000
00110000
11101101
11100000
11010000
11101111
11001100
00011110
00000011
10100011
00001000
11001101
11100010
01001100
00011111
00100010
00001000
00010011
11111111
00001101
01101000
11110100
00000000
00001100
10011000
11110011
00000001
11101101
11111000
11011110
11100001
10110100
00011110
00110011
11111000
01011101
11111101
11100010
00110100
00010001
00110000
00100000
00010011
11010000
10111000
00010011
11000101
00000000
00100100
10100101
11100101
11101001
11101101
00100111
00110011
00110110
11100011
00011110
00011010
11101010
01101011
00010101
11100010
00000101
10111100
11011011
11110001
00010011
11101000
11000110
00000110
10101100
00000000
01010100
11111010
00111010
00011000
11101101
00001111
00100101
01000100
11111011
00011110
11101011
10010101
00010110
11100110
11100010
00011101
11001010
11001101
11011001
00010011
00010111
00011011
01011011
11011100
00000000
00111011
11101101
01001000
00110000
11101101
11100000
11010000
11101111
11001100
00011110
00000011
10100011
00001000
11001101
11100010
01001100
00011111
00100010
00001000
00010011
11111111
00001101
01101000
11110100
00000000
00001100
10011000
11110011
00000001
11101101
11111000
11011110
11100001
10110100
00011110
00110011
11111000
01011101
11111101
11100010
00110100
00010001
00110000
00100000
00010011
11010000
10111000
00010011
11000101
00000000
00100100
10100101
11100101
11101001
11101101
00100111
00110011
00110110
11100011
00011110
00011010
11101010
01101011
00010101
11100010
00000101
10111100
11011011
11110001
00010011
11101000
11000110
00000110
10101100
00000000
01010100
11111010
00111010
00011000
11101101
00001111
00100101
01000100
11111011
00011110
11101011
10010101
00010110
11100110
11100010
00011101
11001010
11001101
11011001
00010011
00010111
00011011
01011011
11011100
00000000
00111011
11101101
01001000
00110000
11101101
11100000
11010000
11101111
11001100
00011110
00000011
10100011
00001000
11001101
11100010
01001100
00011111
00100010
00001000
00010011
11111111
00001101
01101000
11110100
00000000
00001100
10011000
11110011
00000001
11101101
11111000
11011110
11100001
10110100
00011110
00110011
11111000
01011101
11111101
11100010
00110100
00010001
00110000
00100000
00010011
11010000
10111000
00010011
11000101
00000000
00100100
10100101
11100101
11101001
11101101
00100111
00110011
00110110
11100011
00011110
00011010
11101010
01101011
00010101
11100010
00000101
10111100
11011011
11110001
00010011
11101000
11000110
00000110
10101100
00000000
01010100
11111010
00111010
00011000
11101101
00001111
00100101
01000100
11111011
00011110
11101011
10010101
00010110
11100110
11100010
00011101
11001010
11001101
11011001
00010011
00010111
00011011
01011011
11011100
00000000
00111011
11101101
01001000
00110000
11101101
11100000
11010000
11101111
11001100
00011110
00000011
10100011
00001000
11001101
11100010
01001100
00011111
00100010
00001000
00010011
11111111
00001101
01101000
11110100
00000000
00001100
10011000
11110011
00000001
11101101
11111000
11011110
11100001
10110100
00011110
00110011
11111000
01011101
11111101
11100010
00110100
00010001
00110000
00100000
00010011
11010000
10111000
00010011
11000101
00000000
00100100
10100101
11100101
11101001
11101101
00100111
00110011
00110110
11100011
00011110
00011010
11101010
01101011
00010101
11100010
00000101
10111100
11011011
11110001
00010011
11101000
11000110
00000110
10101100
00000000
01010100
11111010
00111010
00011000
11101101
00001111
00100101
01000100
11111011
00011110
11101011
10010101
00010110
11100110
11100010
00011101
11001010
11001101
11011001
00010011
00010111
00011011
01011011
11011100
00000000
00111011
11101101
01001000
00110000
11101101
11100000
11010000
11101111
11001100
00011110
00000011
10100011
00001000
11001101
11100010
01001100
00011111
00100010
00001000
00010011
11111111
00001101
01101000
11110100
00000000
00001100
10011000
11110011
00000001
11101101
11111000
11011110
11100001
10110100
00011110
00110011
11111000
01011101
11111101
11100010
00110100
00010001
00110000
00100000
00010011
11010000
10111000
00010011
11000101
00000000
00100100
10100101
11100101
11101001
11101101
00100111
00110011
00110110
11100011
00011110
00011010
11101010
01101011
00010101
11100010
00000101
10111100
11011011
11110001
00010011
11101000
11000110
00000110
10101100
00000000
01010100
11111010
00111010
00011000
11101101
00001111
00100101
01000100
11111011
00011110
11101011
10010101
00010110
11100110
11100010
00011101
11001010
11001101
11011001
00010011
00010111
00011011
01011011
11011100
00000000
00111011
11101101
01001000
00110000
11101101
11100000
11010000
11101111
11001100
00011110
00000011
10100011
00001000
11001101
11100010
01001100
00011111
00100010
00001000
00010011
11111111
00001101
01101000
11110100
00000000
00001100
10011000
11110011
00000001
11101101
11111000
11011110
11100001
10110100
00011110
00110011
11111000
01011101
11111101
11100010
00110100
00010001
00110000
00100000
00010011
11010000
10111000
00010011
11000101
00000000
00100100
10100101
11100101
11101001
11101101
00100111
00110011
00110110
11100011
00011110
00011010
11101010
01101011
00010101
11100010
00000101
10111100
11011011
11110001
00010011
11101000
11000110
00000110
10101100
00000000
